persona,C3,C4,CZ,F3,F4,F7,F8,FP1,FP2,FZ,LOG,O1,O2,P3,P4,PZ,ROG,T3,T4,T5,T6
EMV,0.8826211245617782,0.6504099028708031,0.5307226467052645,2.051114748402259,1.4118463350246333,0.9474475615638221,1.0136896079505489,1.0071311092018054,0.7062539431597703,0.5878691450803532,0.2642825135778588,0.38427674104655596,0.38217856884463214,0.4815138395958272,0.5197682404909976,0.44975587206898415,0.1478396236206045,0.6888487518295277,1.08182088172954,0.511614508779823,0.4148493454417716
GH2,1.1254557487064778,0.7941261914196205,0.6204366215745885,1.2813168852074546,0.8535815225416865,0.8045469129455347,0.5633294517326619,0.6890539914353802,0.7477887440261459,0.6331760445585822,0.17176192866567724,0.5011972026151267,0.5592327396672768,0.6891131262055996,0.5108610887431678,0.5204561447524416,0.12964275640717823,1.0079524753534999,1.0553032167564094,0.7339650960608229,0.5881273266160367
GUR,0.8110689927632451,0.7287357614671014,0.5889164481242442,1.2971316538662407,1.0394097763910597,0.6050731836583957,0.6372687920424149,0.8492508972723459,0.97493980249628,0.6384417015438395,0.24065334196627755,0.42237113849819363,0.43682612033672985,0.4538671106767107,0.5095285290587515,0.4819946006969321,0.20323520280279522,0.9830950494330288,0.7480634627249089,0.46129946323816473,0.46977646138513646
JAL,0.17240644879022607,0.17604421314920654,0.15253853000451983,0.191704230216347,0.17220978353670235,0.18380468811826287,0.19272742255250852,0.2187248897656417,0.28434830370912567,0.17026399332910602,0.08023819419195653,0.17209576438366778,0.1566693084767746,0.1491014075664941,0.14914445440002433,0.15443482159556865,0.06599250973436102,0.14325026832058096,0.14707757857889137,0.15846829589650527,0.14209033011801447
JAN,0.2843143517285547,0.5670272822381939,0.2765532435451502,0.32381860537390145,0.8579373141495905,0.3211416529480829,0.603695055390032,0.40055358956745396,0.40892218000723973,0.2940644879277516,0.11911161148844758,0.25864038485293117,0.29560237042453397,0.2661752919820812,0.28521486017964415,0.26476210365248776,0.12484975953666785,0.36433591392776066,0.5103992526968073,0.289686112985346,0.31715304853611354
MGN,0.16305032282814952,0.15498600423899314,0.15590582349131377,0.2359688344580152,0.3015755974717969,0.23240866269160457,0.2520662969660144,0.32174954479685336,0.3082635338248432,0.16323345406699813,0.10712521198688936,0.1720284510138814,0.208147698436737,0.15130872563551323,0.16460588263984952,0.16021397367841453,0.07944159455753345,0.16083972246685255,0.1493200500075968,0.12688270806113355,0.16237235662686794
MJN,0.22751285878030067,0.38737575309252154,0.19248286616863838,0.37515012820282395,0.3049996496725976,0.3416033025954292,0.40501313003973666,0.3582152051166983,0.26705008042028755,0.20155121493613573,0.07943446361528746,0.18721405312942796,0.2247755565760717,0.19965350753938704,0.23719180254833439,0.18872071801132087,0.08566813277505399,0.3613290913025783,0.5753653866499496,0.31235380969559573,0.3984665389198249
MMA,0.3374790845826559,0.32706991867765794,0.22386958580681404,0.3374221702370802,0.3860737834499445,0.3121124572506707,0.30975574610825773,0.29479080635384164,0.30302359478729535,0.23108782826751267,0.07344260431458566,0.20134017478048222,0.2026903752885157,0.2096812062230753,0.21102527205702223,0.20834531261951472,0.07592761020793101,0.4844774480840058,0.3001502231779882,0.26204632754677687,0.3089127246076625
RAN,0.6603534033783375,0.45546454205049053,0.39395865899893445,0.5737791482509671,0.6581793824457578,1.092890923756566,0.6986469775482601,0.6643367250572962,0.8421814420983105,0.4253950093045075,0.21741031485980333,0.371323778710416,0.36809537754801885,0.4291836794498009,0.38680101476801254,0.37081332165697595,0.16018385890131517,1.0694022724565226,0.8830172656498942,0.39428143845593255,0.4230949921536749
VCN,3.2163387589772765,0.6690130081548086,0.9444987331527581,3.613825845116698,1.2386508476977143,2.5231695259594273,0.5319241750122501,1.3955810959690635,1.1714368150375187,0.9455508260953368,0.19352966270820332,0.6747667233847924,0.59670290064267,1.2206750661976344,0.5867921362494326,0.7297400409224206,0.15342142684087898,1.6879759315378817,0.741090147886871,1.111959520397065,0.6676167592411202
