persona,C3,C4,CZ,F3,F4,F7,F8,FP1,FP2,FZ,LOG,O1,O2,P3,P4,PZ,ROG,T3,T4,T5,T6
EMV,2.6623338662416463,2.7021029661875464,2.796299032458768,3.962140797174426,5.2372166445645725,3.3125718700198674,5.8117779384957515,12.645905947526956,14.391723933901273,3.6429224460875145,17.733099955481265,2.0652846657681256,2.5154311512226624,2.572516832868695,2.8920382566849763,2.477709310680783,7.209660283563662,2.6209312795489232,3.036861189391017,2.0496135284616743,2.1770384206099025
GH2,2.931718510673161,2.860748051126332,2.7682464802963107,4.047732045731394,4.257575326707847,4.078307591998976,4.061122110605135,8.740269130157344,8.132469219498692,3.97003635552228,5.031336846209657,2.1673250871223533,2.251488857086975,2.373591931439565,2.5001995198687257,2.475266487689901,3.4963506534818785,2.5397896892098952,2.642892863345936,2.244874922276079,2.2501041826407477
GUR,8.242728150976507,8.231539667789574,8.230524835672254,8.630446392259616,8.762659661020395,8.058355523492912,8.357934933536196,12.167441829344687,10.693582118938766,8.605583925017841,5.140854578349338,7.768309091571241,7.964355811881928,7.85011491351559,8.123482438915525,7.9763349350375865,4.676628109328133,7.577387695830682,8.423523575939837,7.8385927724026905,7.921391047428032
JAL,2.206652109293561,2.445057552772704,2.760225067505432,4.227327280433462,4.820215664133744,3.697311834722403,4.136101068744783,10.89247331711871,10.985330773684302,5.196882734149968,5.3633032737891355,6.4060354284070815,1.798977982579082,1.708626022801655,2.16810482347104,4.128154321570293,3.9079846038896124,1.4240684537140678,1.6138898778725994,1.3263636589045011,1.6095428311569009
JAN,3.0633198722305934,3.2070335141421293,3.1277353324968455,4.014515580759017,3.8343755522124177,6.2191786790501045,5.546358792303293,6.690733681778137,4.164247474071731,3.396418406670013,10.230500849015776,2.8195457374514072,2.7412279683299974,2.862921515867911,2.8448566096467274,2.8172777973462453,10.18724859014979,3.2180673005402256,2.8242151441496213,2.5952793373366965,2.6141802591007255
MGN,3.1882086674341035,3.529403414873707,2.950655492322661,3.7230310736192593,6.7881429443719075,5.283627871023458,5.377319666657845,7.484064629966611,6.585606272575732,5.053237604264573,7.50579978198337,4.937004662496112,5.657200401642984,2.2332253614153426,3.5926022478582955,3.8677388925226386,4.93367905575625,3.036476763605182,3.0452155650910564,5.459717671678141,3.862022985558126
MJN,3.0583145440823736,2.7824278486208947,2.4489518154891265,4.181401885537294,3.7261676586449433,4.139418466378077,4.842483681729407,7.227325813048983,12.764449984643624,3.6349800813225093,8.6146611053344,2.7550358954274055,4.050511379524418,2.177763298984957,2.1235884197654964,3.29456894706621,4.703228914957618,4.252993013891956,2.8225320698162952,3.1322853150814693,3.247138588714134
MMA,1.7083222221696786,1.6141030616577872,1.8007988906508774,1.9580087018805064,2.0338257959244856,1.95603010762007,2.289986846221881,4.472758019767808,4.3558155826478036,2.2807644308145147,2.4186986653650764,1.2728272941178271,1.2392328542004478,1.4102191868729212,1.4632697615968695,1.5650191423628537,1.9714868141508142,1.5084758878047202,1.404021453960379,1.3547131649622277,1.3568801371238721
RAN,2.4456343650980705,3.2832739156603252,2.707315145850112,3.3288544835618405,5.752878641049868,3.9698468387301427,11.85127708414415,10.179454450914971,11.67078398836218,4.381306698677868,5.56392391428923,2.2523999108838435,2.078083879405791,2.0294749308425537,2.1223597623507686,2.139100434503242,5.459520992901601,3.67676726379121,5.966473986000156,1.9789347322402322,2.6734620422530035
VCN,2.7898628194391626,1.7254972313702488,1.7045108900173516,3.420784996454832,2.110813076880813,3.117290150279234,2.4538902224018693,2.87582900647711,2.8082962560619755,2.089354051480599,5.870611997119178,1.9118282639765263,2.8095506188558983,1.824361365741724,1.7458147212347483,1.7206560268569597,5.197812172430003,1.8786389641503158,2.0369155482868373,1.7806304514562088,3.7645136165976405
